--- !pf.Event
lat: 38.36
lon: 21.94
time: '2021-02-17 03:36:06.299999952'
depth: 3000.0
name: '2021_Corinth_5.3'
magnitude: 5.3
moment_tensor: !pf.MomentTensor
  mnn: 1.24497e+17
  mee: 3.9861e+16
  mdd: 4422000000000000.0
  mne: 1.1611e+16
  mnd: -2.04e+16
  med: 1980000000000000.0
  strike1: 91.17564002875515
  dip1: 54.458676600915965
  rake1: -98.42575635581765
  strike2: 285.4717123369118
  dip2: 36.39805847009179
  rake2: -78.40875847154902
  moment: 9.544042082891294e+16
  magnitude: 5.28648823041129
