--- !grond.ReportIndexEntry
path: .
problem_name: cmt_2021_Corinth_5.3
event_reference: !pf.Event
  lat: 38.36
  lon: 21.94
  time: '2021-02-17 03:36:06.299999952'
  depth: 3000.0
  name: '2021_Corinth_5.3'
  magnitude: 5.3
  moment_tensor: !pf.MomentTensor
    mnn: 1.24497e+17
    mee: 3.9861e+16
    mdd: 4422000000000000.0
    mne: 1.1611e+16
    mnd: -2.04e+16
    med: 1980000000000000.0
    strike1: 91.17564002875515
    dip1: 54.458676600915965
    rake1: -98.42575635581765
    strike2: 285.4717123369118
    dip2: 36.39805847009179
    rake2: -78.40875847154902
    moment: 9.544042082891294e+16
    magnitude: 5.28648823041129
event_best: !pf.Event
  lat: 38.36
  lon: 21.94
  north_shift: -460.6311487055991
  east_shift: 731.1640423727035
  time: '2021-02-17 03:36:07.579882145'
  depth: 4465.434991331029
  name: '2021_Corinth_5.3'
  magnitude: 5.299909521633195
  moment_tensor: !pf.MomentTensor
    mnn: 1.2641240583828341e+17
    mee: 3.888216471648702e+16
    mdd: -1.1529080361092692e+16
    mne: 1.0190337079713716e+16
    mnd: -3.27445482982168e+16
    med: -2298722928882818.5
    strike1: 95.19554445347104
    dip1: 57.63650336142237
    rake1: -91.60957349740752
    strike2: 278.20050312786447
    dip2: 32.39915207688561
    rake2: -87.4621378277425
    moment: 9.996875476154501e+16
    magnitude: 5.299909521633195
  duration: 2.656850057779566
grond_version: 1.6.1
run_info: !grond.RunInfo
  tags: []
